icode:ifun <- M1[0x023] = 8:0
valC <- M4[0x024] = 0x029
valP <- 0x028

valB <- R[%esp] = 128

valE <- 128 + (-4) = 124

M4[124] <- 0x028

R[%esp] <- 124

PC <- 0x029
